{
 "cells": [
  {
   "cell_type": "code",
   "execution_count": 61,
   "metadata": {},
   "outputs": [],
   "source": [
    "import pandas as pd\n",
    "import numpy as np\n",
    "from sklearn.linear_model import LogisticRegression\n",
    "from sklearn.preprocessing import LabelEncoder\n",
    "from sklearn.preprocessing import OneHotEncoder\n",
    "\n",
    "from sklearn.model_selection import train_test_split\n",
    "from sklearn import metrics\n",
    "from sklearn.metrics import classification_report, confusion_matrix, RocCurveDisplay, roc_curve, ConfusionMatrixDisplay, roc_auc_score\n",
    "from sklearn.tree import DecisionTreeClassifier, plot_tree\n",
    "import matplotlib.pyplot as plt\n",
    "import seaborn as sns\n",
    "import plotly.express as px"
   ]
  },
  {
   "cell_type": "code",
   "execution_count": 5,
   "metadata": {},
   "outputs": [],
   "source": [
    "df = pd.read_csv('insurance.csv')"
   ]
  },
  {
   "cell_type": "code",
   "execution_count": null,
   "metadata": {},
   "outputs": [],
   "source": [
    "df.head()"
   ]
  },
  {
   "cell_type": "code",
   "execution_count": null,
   "metadata": {},
   "outputs": [],
   "source": [
    "df['region'].value_counts().to_frame()"
   ]
  },
  {
   "cell_type": "code",
   "execution_count": 6,
   "metadata": {},
   "outputs": [],
   "source": [
    "df.reset_index(inplace=True)\n",
    "df.set_index('index', inplace=True)"
   ]
  },
  {
   "cell_type": "code",
   "execution_count": 7,
   "metadata": {},
   "outputs": [],
   "source": [
    "labelencoder = LabelEncoder()"
   ]
  },
  {
   "cell_type": "code",
   "execution_count": 8,
   "metadata": {},
   "outputs": [],
   "source": [
    "df['sex'] = labelencoder.fit_transform(df['sex'])\n",
    "df['smoker'] = labelencoder.fit_transform(df['smoker'])\n",
    "df = pd.get_dummies(data=df, columns=['region'])"
   ]
  },
  {
   "cell_type": "code",
   "execution_count": 9,
   "metadata": {},
   "outputs": [
    {
     "data": {
      "text/html": [
       "<div>\n",
       "<style scoped>\n",
       "    .dataframe tbody tr th:only-of-type {\n",
       "        vertical-align: middle;\n",
       "    }\n",
       "\n",
       "    .dataframe tbody tr th {\n",
       "        vertical-align: top;\n",
       "    }\n",
       "\n",
       "    .dataframe thead th {\n",
       "        text-align: right;\n",
       "    }\n",
       "</style>\n",
       "<table border=\"1\" class=\"dataframe\">\n",
       "  <thead>\n",
       "    <tr style=\"text-align: right;\">\n",
       "      <th></th>\n",
       "      <th>age</th>\n",
       "      <th>sex</th>\n",
       "      <th>bmi</th>\n",
       "      <th>children</th>\n",
       "      <th>smoker</th>\n",
       "      <th>charges</th>\n",
       "      <th>region_northeast</th>\n",
       "      <th>region_northwest</th>\n",
       "      <th>region_southeast</th>\n",
       "      <th>region_southwest</th>\n",
       "    </tr>\n",
       "    <tr>\n",
       "      <th>index</th>\n",
       "      <th></th>\n",
       "      <th></th>\n",
       "      <th></th>\n",
       "      <th></th>\n",
       "      <th></th>\n",
       "      <th></th>\n",
       "      <th></th>\n",
       "      <th></th>\n",
       "      <th></th>\n",
       "      <th></th>\n",
       "    </tr>\n",
       "  </thead>\n",
       "  <tbody>\n",
       "    <tr>\n",
       "      <th>0</th>\n",
       "      <td>19</td>\n",
       "      <td>0</td>\n",
       "      <td>27.900</td>\n",
       "      <td>0</td>\n",
       "      <td>1</td>\n",
       "      <td>16884.92400</td>\n",
       "      <td>0</td>\n",
       "      <td>0</td>\n",
       "      <td>0</td>\n",
       "      <td>1</td>\n",
       "    </tr>\n",
       "    <tr>\n",
       "      <th>1</th>\n",
       "      <td>18</td>\n",
       "      <td>1</td>\n",
       "      <td>33.770</td>\n",
       "      <td>1</td>\n",
       "      <td>0</td>\n",
       "      <td>1725.55230</td>\n",
       "      <td>0</td>\n",
       "      <td>0</td>\n",
       "      <td>1</td>\n",
       "      <td>0</td>\n",
       "    </tr>\n",
       "    <tr>\n",
       "      <th>2</th>\n",
       "      <td>28</td>\n",
       "      <td>1</td>\n",
       "      <td>33.000</td>\n",
       "      <td>3</td>\n",
       "      <td>0</td>\n",
       "      <td>4449.46200</td>\n",
       "      <td>0</td>\n",
       "      <td>0</td>\n",
       "      <td>1</td>\n",
       "      <td>0</td>\n",
       "    </tr>\n",
       "    <tr>\n",
       "      <th>3</th>\n",
       "      <td>33</td>\n",
       "      <td>1</td>\n",
       "      <td>22.705</td>\n",
       "      <td>0</td>\n",
       "      <td>0</td>\n",
       "      <td>21984.47061</td>\n",
       "      <td>0</td>\n",
       "      <td>1</td>\n",
       "      <td>0</td>\n",
       "      <td>0</td>\n",
       "    </tr>\n",
       "    <tr>\n",
       "      <th>4</th>\n",
       "      <td>32</td>\n",
       "      <td>1</td>\n",
       "      <td>28.880</td>\n",
       "      <td>0</td>\n",
       "      <td>0</td>\n",
       "      <td>3866.85520</td>\n",
       "      <td>0</td>\n",
       "      <td>1</td>\n",
       "      <td>0</td>\n",
       "      <td>0</td>\n",
       "    </tr>\n",
       "    <tr>\n",
       "      <th>...</th>\n",
       "      <td>...</td>\n",
       "      <td>...</td>\n",
       "      <td>...</td>\n",
       "      <td>...</td>\n",
       "      <td>...</td>\n",
       "      <td>...</td>\n",
       "      <td>...</td>\n",
       "      <td>...</td>\n",
       "      <td>...</td>\n",
       "      <td>...</td>\n",
       "    </tr>\n",
       "    <tr>\n",
       "      <th>1333</th>\n",
       "      <td>50</td>\n",
       "      <td>1</td>\n",
       "      <td>30.970</td>\n",
       "      <td>3</td>\n",
       "      <td>0</td>\n",
       "      <td>10600.54830</td>\n",
       "      <td>0</td>\n",
       "      <td>1</td>\n",
       "      <td>0</td>\n",
       "      <td>0</td>\n",
       "    </tr>\n",
       "    <tr>\n",
       "      <th>1334</th>\n",
       "      <td>18</td>\n",
       "      <td>0</td>\n",
       "      <td>31.920</td>\n",
       "      <td>0</td>\n",
       "      <td>0</td>\n",
       "      <td>2205.98080</td>\n",
       "      <td>1</td>\n",
       "      <td>0</td>\n",
       "      <td>0</td>\n",
       "      <td>0</td>\n",
       "    </tr>\n",
       "    <tr>\n",
       "      <th>1335</th>\n",
       "      <td>18</td>\n",
       "      <td>0</td>\n",
       "      <td>36.850</td>\n",
       "      <td>0</td>\n",
       "      <td>0</td>\n",
       "      <td>1629.83350</td>\n",
       "      <td>0</td>\n",
       "      <td>0</td>\n",
       "      <td>1</td>\n",
       "      <td>0</td>\n",
       "    </tr>\n",
       "    <tr>\n",
       "      <th>1336</th>\n",
       "      <td>21</td>\n",
       "      <td>0</td>\n",
       "      <td>25.800</td>\n",
       "      <td>0</td>\n",
       "      <td>0</td>\n",
       "      <td>2007.94500</td>\n",
       "      <td>0</td>\n",
       "      <td>0</td>\n",
       "      <td>0</td>\n",
       "      <td>1</td>\n",
       "    </tr>\n",
       "    <tr>\n",
       "      <th>1337</th>\n",
       "      <td>61</td>\n",
       "      <td>0</td>\n",
       "      <td>29.070</td>\n",
       "      <td>0</td>\n",
       "      <td>1</td>\n",
       "      <td>29141.36030</td>\n",
       "      <td>0</td>\n",
       "      <td>1</td>\n",
       "      <td>0</td>\n",
       "      <td>0</td>\n",
       "    </tr>\n",
       "  </tbody>\n",
       "</table>\n",
       "<p>1338 rows × 10 columns</p>\n",
       "</div>"
      ],
      "text/plain": [
       "       age  sex     bmi  children  smoker      charges  region_northeast  \\\n",
       "index                                                                      \n",
       "0       19    0  27.900         0       1  16884.92400                 0   \n",
       "1       18    1  33.770         1       0   1725.55230                 0   \n",
       "2       28    1  33.000         3       0   4449.46200                 0   \n",
       "3       33    1  22.705         0       0  21984.47061                 0   \n",
       "4       32    1  28.880         0       0   3866.85520                 0   \n",
       "...    ...  ...     ...       ...     ...          ...               ...   \n",
       "1333    50    1  30.970         3       0  10600.54830                 0   \n",
       "1334    18    0  31.920         0       0   2205.98080                 1   \n",
       "1335    18    0  36.850         0       0   1629.83350                 0   \n",
       "1336    21    0  25.800         0       0   2007.94500                 0   \n",
       "1337    61    0  29.070         0       1  29141.36030                 0   \n",
       "\n",
       "       region_northwest  region_southeast  region_southwest  \n",
       "index                                                        \n",
       "0                     0                 0                 1  \n",
       "1                     0                 1                 0  \n",
       "2                     0                 1                 0  \n",
       "3                     1                 0                 0  \n",
       "4                     1                 0                 0  \n",
       "...                 ...               ...               ...  \n",
       "1333                  1                 0                 0  \n",
       "1334                  0                 0                 0  \n",
       "1335                  0                 1                 0  \n",
       "1336                  0                 0                 1  \n",
       "1337                  1                 0                 0  \n",
       "\n",
       "[1338 rows x 10 columns]"
      ]
     },
     "execution_count": 9,
     "metadata": {},
     "output_type": "execute_result"
    }
   ],
   "source": [
    "df"
   ]
  },
  {
   "cell_type": "code",
   "execution_count": 10,
   "metadata": {},
   "outputs": [
    {
     "data": {
      "text/html": [
       "<div>\n",
       "<style scoped>\n",
       "    .dataframe tbody tr th:only-of-type {\n",
       "        vertical-align: middle;\n",
       "    }\n",
       "\n",
       "    .dataframe tbody tr th {\n",
       "        vertical-align: top;\n",
       "    }\n",
       "\n",
       "    .dataframe thead th {\n",
       "        text-align: right;\n",
       "    }\n",
       "</style>\n",
       "<table border=\"1\" class=\"dataframe\">\n",
       "  <thead>\n",
       "    <tr style=\"text-align: right;\">\n",
       "      <th></th>\n",
       "      <th>age</th>\n",
       "      <th>sex</th>\n",
       "      <th>bmi</th>\n",
       "      <th>children</th>\n",
       "      <th>smoker</th>\n",
       "      <th>charges</th>\n",
       "      <th>region_northeast</th>\n",
       "      <th>region_northwest</th>\n",
       "      <th>region_southeast</th>\n",
       "      <th>region_southwest</th>\n",
       "    </tr>\n",
       "  </thead>\n",
       "  <tbody>\n",
       "    <tr>\n",
       "      <th>age</th>\n",
       "      <td>1.000000</td>\n",
       "      <td>-0.020856</td>\n",
       "      <td>0.109272</td>\n",
       "      <td>0.042469</td>\n",
       "      <td>-0.025019</td>\n",
       "      <td>0.299008</td>\n",
       "      <td>0.002475</td>\n",
       "      <td>-0.000407</td>\n",
       "      <td>-0.011642</td>\n",
       "      <td>0.010016</td>\n",
       "    </tr>\n",
       "    <tr>\n",
       "      <th>sex</th>\n",
       "      <td>-0.020856</td>\n",
       "      <td>1.000000</td>\n",
       "      <td>0.046371</td>\n",
       "      <td>0.017163</td>\n",
       "      <td>0.076185</td>\n",
       "      <td>0.057292</td>\n",
       "      <td>-0.002425</td>\n",
       "      <td>-0.011156</td>\n",
       "      <td>0.017117</td>\n",
       "      <td>-0.004184</td>\n",
       "    </tr>\n",
       "    <tr>\n",
       "      <th>bmi</th>\n",
       "      <td>0.109272</td>\n",
       "      <td>0.046371</td>\n",
       "      <td>1.000000</td>\n",
       "      <td>0.012759</td>\n",
       "      <td>0.003750</td>\n",
       "      <td>0.198341</td>\n",
       "      <td>-0.138156</td>\n",
       "      <td>-0.135996</td>\n",
       "      <td>0.270025</td>\n",
       "      <td>-0.006205</td>\n",
       "    </tr>\n",
       "    <tr>\n",
       "      <th>children</th>\n",
       "      <td>0.042469</td>\n",
       "      <td>0.017163</td>\n",
       "      <td>0.012759</td>\n",
       "      <td>1.000000</td>\n",
       "      <td>0.007673</td>\n",
       "      <td>0.067998</td>\n",
       "      <td>-0.022808</td>\n",
       "      <td>0.024806</td>\n",
       "      <td>-0.023066</td>\n",
       "      <td>0.021914</td>\n",
       "    </tr>\n",
       "    <tr>\n",
       "      <th>smoker</th>\n",
       "      <td>-0.025019</td>\n",
       "      <td>0.076185</td>\n",
       "      <td>0.003750</td>\n",
       "      <td>0.007673</td>\n",
       "      <td>1.000000</td>\n",
       "      <td>0.787251</td>\n",
       "      <td>0.002811</td>\n",
       "      <td>-0.036945</td>\n",
       "      <td>0.068498</td>\n",
       "      <td>-0.036945</td>\n",
       "    </tr>\n",
       "    <tr>\n",
       "      <th>charges</th>\n",
       "      <td>0.299008</td>\n",
       "      <td>0.057292</td>\n",
       "      <td>0.198341</td>\n",
       "      <td>0.067998</td>\n",
       "      <td>0.787251</td>\n",
       "      <td>1.000000</td>\n",
       "      <td>0.006349</td>\n",
       "      <td>-0.039905</td>\n",
       "      <td>0.073982</td>\n",
       "      <td>-0.043210</td>\n",
       "    </tr>\n",
       "    <tr>\n",
       "      <th>region_northeast</th>\n",
       "      <td>0.002475</td>\n",
       "      <td>-0.002425</td>\n",
       "      <td>-0.138156</td>\n",
       "      <td>-0.022808</td>\n",
       "      <td>0.002811</td>\n",
       "      <td>0.006349</td>\n",
       "      <td>1.000000</td>\n",
       "      <td>-0.320177</td>\n",
       "      <td>-0.345561</td>\n",
       "      <td>-0.320177</td>\n",
       "    </tr>\n",
       "    <tr>\n",
       "      <th>region_northwest</th>\n",
       "      <td>-0.000407</td>\n",
       "      <td>-0.011156</td>\n",
       "      <td>-0.135996</td>\n",
       "      <td>0.024806</td>\n",
       "      <td>-0.036945</td>\n",
       "      <td>-0.039905</td>\n",
       "      <td>-0.320177</td>\n",
       "      <td>1.000000</td>\n",
       "      <td>-0.346265</td>\n",
       "      <td>-0.320829</td>\n",
       "    </tr>\n",
       "    <tr>\n",
       "      <th>region_southeast</th>\n",
       "      <td>-0.011642</td>\n",
       "      <td>0.017117</td>\n",
       "      <td>0.270025</td>\n",
       "      <td>-0.023066</td>\n",
       "      <td>0.068498</td>\n",
       "      <td>0.073982</td>\n",
       "      <td>-0.345561</td>\n",
       "      <td>-0.346265</td>\n",
       "      <td>1.000000</td>\n",
       "      <td>-0.346265</td>\n",
       "    </tr>\n",
       "    <tr>\n",
       "      <th>region_southwest</th>\n",
       "      <td>0.010016</td>\n",
       "      <td>-0.004184</td>\n",
       "      <td>-0.006205</td>\n",
       "      <td>0.021914</td>\n",
       "      <td>-0.036945</td>\n",
       "      <td>-0.043210</td>\n",
       "      <td>-0.320177</td>\n",
       "      <td>-0.320829</td>\n",
       "      <td>-0.346265</td>\n",
       "      <td>1.000000</td>\n",
       "    </tr>\n",
       "  </tbody>\n",
       "</table>\n",
       "</div>"
      ],
      "text/plain": [
       "                       age       sex       bmi  children    smoker   charges  \\\n",
       "age               1.000000 -0.020856  0.109272  0.042469 -0.025019  0.299008   \n",
       "sex              -0.020856  1.000000  0.046371  0.017163  0.076185  0.057292   \n",
       "bmi               0.109272  0.046371  1.000000  0.012759  0.003750  0.198341   \n",
       "children          0.042469  0.017163  0.012759  1.000000  0.007673  0.067998   \n",
       "smoker           -0.025019  0.076185  0.003750  0.007673  1.000000  0.787251   \n",
       "charges           0.299008  0.057292  0.198341  0.067998  0.787251  1.000000   \n",
       "region_northeast  0.002475 -0.002425 -0.138156 -0.022808  0.002811  0.006349   \n",
       "region_northwest -0.000407 -0.011156 -0.135996  0.024806 -0.036945 -0.039905   \n",
       "region_southeast -0.011642  0.017117  0.270025 -0.023066  0.068498  0.073982   \n",
       "region_southwest  0.010016 -0.004184 -0.006205  0.021914 -0.036945 -0.043210   \n",
       "\n",
       "                  region_northeast  region_northwest  region_southeast  \\\n",
       "age                       0.002475         -0.000407         -0.011642   \n",
       "sex                      -0.002425         -0.011156          0.017117   \n",
       "bmi                      -0.138156         -0.135996          0.270025   \n",
       "children                 -0.022808          0.024806         -0.023066   \n",
       "smoker                    0.002811         -0.036945          0.068498   \n",
       "charges                   0.006349         -0.039905          0.073982   \n",
       "region_northeast          1.000000         -0.320177         -0.345561   \n",
       "region_northwest         -0.320177          1.000000         -0.346265   \n",
       "region_southeast         -0.345561         -0.346265          1.000000   \n",
       "region_southwest         -0.320177         -0.320829         -0.346265   \n",
       "\n",
       "                  region_southwest  \n",
       "age                       0.010016  \n",
       "sex                      -0.004184  \n",
       "bmi                      -0.006205  \n",
       "children                  0.021914  \n",
       "smoker                   -0.036945  \n",
       "charges                  -0.043210  \n",
       "region_northeast         -0.320177  \n",
       "region_northwest         -0.320829  \n",
       "region_southeast         -0.346265  \n",
       "region_southwest          1.000000  "
      ]
     },
     "execution_count": 10,
     "metadata": {},
     "output_type": "execute_result"
    }
   ],
   "source": [
    "correlation_matrix = df.corr()\n",
    "correlation_matrix"
   ]
  },
  {
   "cell_type": "code",
   "execution_count": 11,
   "metadata": {},
   "outputs": [
    {
     "data": {
      "text/html": [
       "<div>\n",
       "<style scoped>\n",
       "    .dataframe tbody tr th:only-of-type {\n",
       "        vertical-align: middle;\n",
       "    }\n",
       "\n",
       "    .dataframe tbody tr th {\n",
       "        vertical-align: top;\n",
       "    }\n",
       "\n",
       "    .dataframe thead th {\n",
       "        text-align: right;\n",
       "    }\n",
       "</style>\n",
       "<table border=\"1\" class=\"dataframe\">\n",
       "  <thead>\n",
       "    <tr style=\"text-align: right;\">\n",
       "      <th></th>\n",
       "      <th>age</th>\n",
       "      <th>sex</th>\n",
       "      <th>bmi</th>\n",
       "      <th>children</th>\n",
       "      <th>smoker</th>\n",
       "      <th>charges</th>\n",
       "      <th>region_northeast</th>\n",
       "      <th>region_northwest</th>\n",
       "      <th>region_southeast</th>\n",
       "      <th>region_southwest</th>\n",
       "    </tr>\n",
       "  </thead>\n",
       "  <tbody>\n",
       "    <tr>\n",
       "      <th>age</th>\n",
       "      <td>1.000000</td>\n",
       "      <td>-0.020809</td>\n",
       "      <td>0.107736</td>\n",
       "      <td>0.056992</td>\n",
       "      <td>-0.025210</td>\n",
       "      <td>0.534392</td>\n",
       "      <td>-0.000149</td>\n",
       "      <td>0.002683</td>\n",
       "      <td>-0.015273</td>\n",
       "      <td>0.013315</td>\n",
       "    </tr>\n",
       "    <tr>\n",
       "      <th>sex</th>\n",
       "      <td>-0.020809</td>\n",
       "      <td>1.000000</td>\n",
       "      <td>0.044802</td>\n",
       "      <td>0.015589</td>\n",
       "      <td>0.076185</td>\n",
       "      <td>0.009490</td>\n",
       "      <td>-0.002425</td>\n",
       "      <td>-0.011156</td>\n",
       "      <td>0.017117</td>\n",
       "      <td>-0.004184</td>\n",
       "    </tr>\n",
       "    <tr>\n",
       "      <th>bmi</th>\n",
       "      <td>0.107736</td>\n",
       "      <td>0.044802</td>\n",
       "      <td>1.000000</td>\n",
       "      <td>0.015607</td>\n",
       "      <td>0.002203</td>\n",
       "      <td>0.119396</td>\n",
       "      <td>-0.133115</td>\n",
       "      <td>-0.127168</td>\n",
       "      <td>0.249037</td>\n",
       "      <td>0.001710</td>\n",
       "    </tr>\n",
       "    <tr>\n",
       "      <th>children</th>\n",
       "      <td>0.056992</td>\n",
       "      <td>0.015589</td>\n",
       "      <td>0.015607</td>\n",
       "      <td>1.000000</td>\n",
       "      <td>0.016583</td>\n",
       "      <td>0.133339</td>\n",
       "      <td>-0.025690</td>\n",
       "      <td>0.034465</td>\n",
       "      <td>-0.019531</td>\n",
       "      <td>0.011466</td>\n",
       "    </tr>\n",
       "    <tr>\n",
       "      <th>smoker</th>\n",
       "      <td>-0.025210</td>\n",
       "      <td>0.076185</td>\n",
       "      <td>0.002203</td>\n",
       "      <td>0.016583</td>\n",
       "      <td>1.000000</td>\n",
       "      <td>0.663460</td>\n",
       "      <td>0.002811</td>\n",
       "      <td>-0.036945</td>\n",
       "      <td>0.068498</td>\n",
       "      <td>-0.036945</td>\n",
       "    </tr>\n",
       "    <tr>\n",
       "      <th>charges</th>\n",
       "      <td>0.534392</td>\n",
       "      <td>0.009490</td>\n",
       "      <td>0.119396</td>\n",
       "      <td>0.133339</td>\n",
       "      <td>0.663460</td>\n",
       "      <td>1.000000</td>\n",
       "      <td>0.046109</td>\n",
       "      <td>-0.021634</td>\n",
       "      <td>0.017275</td>\n",
       "      <td>-0.042354</td>\n",
       "    </tr>\n",
       "    <tr>\n",
       "      <th>region_northeast</th>\n",
       "      <td>-0.000149</td>\n",
       "      <td>-0.002425</td>\n",
       "      <td>-0.133115</td>\n",
       "      <td>-0.025690</td>\n",
       "      <td>0.002811</td>\n",
       "      <td>0.046109</td>\n",
       "      <td>1.000000</td>\n",
       "      <td>-0.320177</td>\n",
       "      <td>-0.345561</td>\n",
       "      <td>-0.320177</td>\n",
       "    </tr>\n",
       "    <tr>\n",
       "      <th>region_northwest</th>\n",
       "      <td>0.002683</td>\n",
       "      <td>-0.011156</td>\n",
       "      <td>-0.127168</td>\n",
       "      <td>0.034465</td>\n",
       "      <td>-0.036945</td>\n",
       "      <td>-0.021634</td>\n",
       "      <td>-0.320177</td>\n",
       "      <td>1.000000</td>\n",
       "      <td>-0.346265</td>\n",
       "      <td>-0.320829</td>\n",
       "    </tr>\n",
       "    <tr>\n",
       "      <th>region_southeast</th>\n",
       "      <td>-0.015273</td>\n",
       "      <td>0.017117</td>\n",
       "      <td>0.249037</td>\n",
       "      <td>-0.019531</td>\n",
       "      <td>0.068498</td>\n",
       "      <td>0.017275</td>\n",
       "      <td>-0.345561</td>\n",
       "      <td>-0.346265</td>\n",
       "      <td>1.000000</td>\n",
       "      <td>-0.346265</td>\n",
       "    </tr>\n",
       "    <tr>\n",
       "      <th>region_southwest</th>\n",
       "      <td>0.013315</td>\n",
       "      <td>-0.004184</td>\n",
       "      <td>0.001710</td>\n",
       "      <td>0.011466</td>\n",
       "      <td>-0.036945</td>\n",
       "      <td>-0.042354</td>\n",
       "      <td>-0.320177</td>\n",
       "      <td>-0.320829</td>\n",
       "      <td>-0.346265</td>\n",
       "      <td>1.000000</td>\n",
       "    </tr>\n",
       "  </tbody>\n",
       "</table>\n",
       "</div>"
      ],
      "text/plain": [
       "                       age       sex       bmi  children    smoker   charges  \\\n",
       "age               1.000000 -0.020809  0.107736  0.056992 -0.025210  0.534392   \n",
       "sex              -0.020809  1.000000  0.044802  0.015589  0.076185  0.009490   \n",
       "bmi               0.107736  0.044802  1.000000  0.015607  0.002203  0.119396   \n",
       "children          0.056992  0.015589  0.015607  1.000000  0.016583  0.133339   \n",
       "smoker           -0.025210  0.076185  0.002203  0.016583  1.000000  0.663460   \n",
       "charges           0.534392  0.009490  0.119396  0.133339  0.663460  1.000000   \n",
       "region_northeast -0.000149 -0.002425 -0.133115 -0.025690  0.002811  0.046109   \n",
       "region_northwest  0.002683 -0.011156 -0.127168  0.034465 -0.036945 -0.021634   \n",
       "region_southeast -0.015273  0.017117  0.249037 -0.019531  0.068498  0.017275   \n",
       "region_southwest  0.013315 -0.004184  0.001710  0.011466 -0.036945 -0.042354   \n",
       "\n",
       "                  region_northeast  region_northwest  region_southeast  \\\n",
       "age                      -0.000149          0.002683         -0.015273   \n",
       "sex                      -0.002425         -0.011156          0.017117   \n",
       "bmi                      -0.133115         -0.127168          0.249037   \n",
       "children                 -0.025690          0.034465         -0.019531   \n",
       "smoker                    0.002811         -0.036945          0.068498   \n",
       "charges                   0.046109         -0.021634          0.017275   \n",
       "region_northeast          1.000000         -0.320177         -0.345561   \n",
       "region_northwest         -0.320177          1.000000         -0.346265   \n",
       "region_southeast         -0.345561         -0.346265          1.000000   \n",
       "region_southwest         -0.320177         -0.320829         -0.346265   \n",
       "\n",
       "                  region_southwest  \n",
       "age                       0.013315  \n",
       "sex                      -0.004184  \n",
       "bmi                       0.001710  \n",
       "children                  0.011466  \n",
       "smoker                   -0.036945  \n",
       "charges                  -0.042354  \n",
       "region_northeast         -0.320177  \n",
       "region_northwest         -0.320829  \n",
       "region_southeast         -0.346265  \n",
       "region_southwest          1.000000  "
      ]
     },
     "execution_count": 11,
     "metadata": {},
     "output_type": "execute_result"
    }
   ],
   "source": [
    "Spearman_correlation_matrix = df.corr(method='spearman')\n",
    "Spearman_correlation_matrix"
   ]
  },
  {
   "cell_type": "code",
   "execution_count": 12,
   "metadata": {},
   "outputs": [
    {
     "data": {
